1 0.129688 0.554688 0.065625 0.105469
0 0.138281 0.515625 0.057813 0.167969
2 0.303125 0.493164 0.046875 0.076172
2 0.429688 0.506836 0.228125 0.259766
0 0.781250 0.474609 0.025000 0.066406
0 0.688281 0.470703 0.020313 0.074219
0 0.707812 0.477539 0.025000 0.072266
0 0.725781 0.470703 0.023438 0.078125
0 0.816406 0.478516 0.029687 0.070312
0 0.103906 0.474609 0.023438 0.058594
0 0.082812 0.480469 0.025000 0.074219
0 0.063281 0.480469 0.020313 0.074219
0 0.855469 0.450195 0.020313 0.044922
0 0.867969 0.453125 0.020313 0.050781
