0 0.806250 0.494141 0.028125 0.113281
0 0.834375 0.490234 0.031250 0.117188
0 0.892969 0.495117 0.035937 0.119141
1 0.782031 0.529297 0.035937 0.070312
0 0.012500 0.461914 0.021875 0.044922
2 0.320312 0.502930 0.078125 0.099609
2 0.485938 0.481445 0.031250 0.037109
2 0.543750 0.500000 0.078125 0.074219
2 0.209375 0.513672 0.184375 0.179688
0 0.084375 0.474609 0.018750 0.042969
0 0.038281 0.468750 0.023438 0.031250
0 0.064844 0.487305 0.023438 0.076172
2 0.392969 0.481445 0.023438 0.025391
2 0.451562 0.479492 0.021875 0.025391
