0 0.283594 0.467773 0.023438 0.068359
0 0.304688 0.465820 0.021875 0.076172
0 0.332031 0.461914 0.020313 0.064453
0 0.393750 0.454102 0.031250 0.052734
0 0.396094 0.492188 0.029687 0.093750
0 0.438281 0.480469 0.026562 0.105469
0 0.466406 0.483398 0.026562 0.103516
0 0.510156 0.480469 0.032813 0.097656
0 0.754687 0.490234 0.043750 0.167969
0 0.787500 0.480469 0.034375 0.191406
2 0.546094 0.472656 0.045312 0.054688
2 0.142969 0.597656 0.279687 0.343750
0 0.631250 0.475586 0.050000 0.103516
0 0.354687 0.476562 0.031250 0.089844
