2 0.226562 0.492188 0.071875 0.062500
2 0.334375 0.476562 0.084375 0.085938
2 0.481250 0.501953 0.146875 0.152344
1 0.113281 0.524414 0.048438 0.052734
0 0.114062 0.474609 0.043750 0.105469
0 0.138281 0.482422 0.023438 0.093750
0 0.825000 0.474609 0.034375 0.113281
0 0.857812 0.477539 0.034375 0.115234
0 0.010937 0.489258 0.015625 0.048828
0 0.276562 0.471680 0.028125 0.041016
1 0.275000 0.500977 0.031250 0.041016
2 0.390625 0.470703 0.034375 0.046875
0 0.178906 0.479492 0.014063 0.048828
0 0.163281 0.475586 0.014063 0.052734
2 0.389062 0.480469 0.025000 0.050781
