0 0.80625 0.494140625 0.028125 0.11328125
0 0.834375 0.490234375 0.03125 0.1171875
0 0.89296875 0.4951171875 0.0359375 0.119140625
1 0.78203125 0.529296875 0.0359375 0.0703125
0 0.0125 0.4619140625 0.021875 0.044921875
2 0.3203125 0.5029296875 0.078125 0.099609375
2 0.4859375 0.4814453125 0.03125 0.037109375
2 0.54375 0.5 0.078125 0.07421875
2 0.209375 0.513671875 0.184375 0.1796875
0 0.084375 0.474609375 0.01875 0.04296875
0 0.03828125 0.46875 0.0234375 0.03125
0 0.06484375 0.4873046875 0.0234375 0.076171875
2 0.39296875 0.4814453125 0.0234375 0.025390625
2 0.4515625 0.4794921875 0.021875 0.025390625
