0 0.28359375 0.4677734375 0.0234375 0.068359375
0 0.3046875 0.4658203125 0.021875 0.076171875
0 0.33203125 0.4619140625 0.0203125 0.064453125
0 0.39375 0.4541015625 0.03125 0.052734375
0 0.39609375 0.4921875 0.0296875 0.09375
0 0.43828125 0.48046875 0.0265625 0.10546875
0 0.46640625 0.4833984375 0.0265625 0.103515625
0 0.51015625 0.48046875 0.0328125 0.09765625
0 0.7546875 0.490234375 0.04375 0.16796875
0 0.7875 0.48046875 0.034375 0.19140625
2 0.54609375 0.47265625 0.0453125 0.0546875
2 0.14296875 0.59765625 0.2796875 0.34375
0 0.63125 0.4755859375 0.05 0.103515625
0 0.3546875 0.4765625 0.03125 0.08984375
