0 0.0734375 0.43359375 0.034375 0.09765625
0 0.11875 0.431640625 0.034375 0.09765625
0 0.58515625 0.427734375 0.0359375 0.09765625
1 0.60234375 0.4384765625 0.0359375 0.083984375
1 0.54921875 0.4453125 0.0359375 0.07421875
1 0.46640625 0.4462890625 0.0359375 0.072265625
0 0.6484375 0.43359375 0.021875 0.06640625
2 0.79296875 0.44140625 0.2265625 0.1171875
2 0.9484375 0.4560546875 0.096875 0.091796875
0 0.33515625 0.421875 0.0203125 0.0703125
1 0.50859375 0.4521484375 0.0203125 0.052734375
0 0.3546875 0.404296875 0.01875 0.02734375
