2 0.6703125 0.453125 0.196875 0.09375
2 0.89140625 0.44921875 0.1734375 0.11328125
0 0.5453125 0.5107421875 0.203125 0.373046875
0 0.409375 0.513671875 0.09375 0.40234375
0 0.2828125 0.45703125 0.034375 0.1015625
2 0.3578125 0.453125 0.0375 0.0546875
0 0.234375 0.4521484375 0.034375 0.091796875
0 0.196875 0.4541015625 0.040625 0.091796875
0 0.1453125 0.453125 0.03125 0.09375
0 0.0671875 0.4931640625 0.05 0.228515625
0 0.0359375 0.4921875 0.06875 0.24609375
0 0.10625 0.4521484375 0.025 0.095703125
