2 0.2265625 0.4921875 0.071875 0.0625
2 0.334375 0.4765625 0.084375 0.0859375
2 0.48125 0.501953125 0.146875 0.15234375
1 0.11328125 0.5244140625 0.0484375 0.052734375
0 0.1140625 0.474609375 0.04375 0.10546875
0 0.13828125 0.482421875 0.0234375 0.09375
0 0.825 0.474609375 0.034375 0.11328125
0 0.8578125 0.4775390625 0.034375 0.115234375
0 0.0109375 0.4892578125 0.015625 0.048828125
0 0.2765625 0.4716796875 0.028125 0.041015625
1 0.275 0.5009765625 0.03125 0.041015625
2 0.390625 0.470703125 0.034375 0.046875
0 0.17890625 0.4794921875 0.0140625 0.048828125
0 0.16328125 0.4755859375 0.0140625 0.052734375
2 0.3890625 0.48046875 0.025 0.05078125
