1 0.1296875 0.5546875 0.065625 0.10546875
0 0.13828125 0.515625 0.0578125 0.16796875
2 0.303125 0.4931640625 0.046875 0.076171875
2 0.4296875 0.5068359375 0.228125 0.259765625
0 0.78125 0.474609375 0.025 0.06640625
0 0.68828125 0.470703125 0.0203125 0.07421875
0 0.7078125 0.4775390625 0.025 0.072265625
0 0.72578125 0.470703125 0.0234375 0.078125
0 0.81640625 0.478515625 0.0296875 0.0703125
0 0.10390625 0.474609375 0.0234375 0.05859375
0 0.0828125 0.48046875 0.025 0.07421875
0 0.06328125 0.48046875 0.0203125 0.07421875
0 0.85546875 0.4501953125 0.0203125 0.044921875
0 0.86796875 0.453125 0.0203125 0.05078125
